chr1	0	20000	10981
chr1	20000	40000	11035
chr1	40000	60000	11806
chr1	60000	80000	10286
chr1	80000	100000	10714
chr1	100000	120000	11398
chr1	120000	140000	11117
chr1	140000	160000	10074
chr1	160000	180000	11140
chr1	180000	200000	10576
chr1	200000	220000	11404
chr1	220000	240000	12080
chr1	240000	260000	10928
chr1	260000	280000	11078
chr1	280000	300000	9229
chr1	300000	320000	10769
chr1	320000	340000	10798
chr1	340000	360000	10740
chr1	360000	380000	12404
chr1	380000	400000	11805
chr1	400000	420000	11174
chr1	420000	440000	11756
chr1	440000	460000	10758
chr1	460000	480000	10497
chr1	480000	500000	10247
chr1	500000	520000	9015
chr1	520000	540000	10580
chr1	540000	560000	10074
chr1	560000	580000	12002
chr1	580000	600000	11604
chr1	600000	620000	11678
chr1	620000	640000	11936
chr1	640000	660000	11896
chr1	660000	680000	11869
chr1	680000	700000	11245
chr1	700000	720000	11842
chr1	720000	740000	12179
chr1	740000	760000	10626
chr1	760000	780000	10791
chr1	780000	800000	10613
chr1	800000	820000	10356
chr1	820000	840000	11320
chr1	840000	860000	11126
chr1	860000	880000	11322
chr1	880000	900000	11161
chr1	900000	920000	12008
chr1	920000	940000	12127
chr1	940000	960000	11298
chr1	960000	980000	11420
chr1	980000	1000000	11941
chr1	1000000	1020000	12803
chr1	1020000	1040000	12725
chr1	1040000	1060000	11733
chr1	1060000	1080000	11640
chr1	1080000	1100000	12530
chr1	1100000	1120000	11859
chr1	1120000	1140000	11947
chr1	1140000	1160000	11997
chr1	1160000	1180000	12275
chr1	1180000	1200000	11293
chr1	1200000	1220000	12257
chr1	1220000	1240000	11755
chr1	1240000	1260000	11141
chr1	1260000	1280000	11967
chr1	1280000	1300000	10036
chr1	1300000	1320000	9862
chr1	1320000	1340000	9358
chr1	1340000	1360000	10761
chr1	1360000	1380000	11943
chr1	1380000	1400000	12162
chr1	1400000	1420000	12489
chr1	1420000	1440000	11552
chr1	1440000	1460000	12137
chr1	1460000	1480000	12236
chr1	1480000	1500000	11527
chr1	1500000	1520000	11482
chr1	1520000	1540000	11344
chr1	1540000	1560000	11822
chr1	1560000	1580000	10601
chr1	1580000	1600000	10129
chr1	1600000	1620000	10603
chr1	1620000	1640000	11115
chr1	1640000	1660000	12686
chr1	1660000	1680000	10811
chr1	1680000	1700000	10230
chr1	1700000	1720000	11728
chr1	1720000	1740000	10650
chr1	1740000	1760000	12839
chr1	1760000	1780000	11341
chr1	1780000	1800000	9781
chr1	1800000	1820000	10317
chr1	1820000	1840000	10192
chr1	1840000	1860000	10024
chr1	1860000	1880000	10811
chr1	1880000	1900000	10079
chr1	1900000	1920000	10499
chr1	1920000	1940000	10576
chr1	1940000	1960000	10577
chr1	1960000	1980000	10183
chr1	1980000	2000000	11778
chr1	2000000	2020000	11203
chr1	2020000	2040000	10023
chr1	2040000	2060000	10444
chr1	2060000	2080000	12468
chr1	2080000	2100000	12421
chr1	2100000	2120000	12353
chr1	2120000	2140000	12420
chr1	2140000	2160000	12247
chr1	2160000	2180000	11074
chr1	2180000	2200000	10539
chr1	2200000	2220000	10482
chr1	2220000	2240000	11675
chr1	2240000	2260000	10007
chr1	2260000	2280000	10372
chr1	2280000	2300000	11020
chr1	2300000	2320000	11044
chr1	2320000	2340000	10983
chr1	2340000	2360000	11135
chr1	2360000	2380000	10365
chr1	2380000	2400000	10293
chr1	2400000	2420000	11195
chr1	2420000	2440000	11712
chr1	2440000	2460000	12661
chr1	2460000	2480000	12025
chr1	2480000	2500000	12211
chr1	2500000	2520000	10672
chr1	2520000	2540000	9906
chr1	2540000	2560000	8520
chr1	2560000	2580000	9996
chr1	2580000	2600000	9839
chr1	2600000	2620000	12172
chr1	2620000	2640000	11223
chr1	2640000	2660000	9721
chr1	2660000	2680000	11684
chr1	2680000	2700000	11207
chr1	2700000	2720000	11951
chr1	2720000	2740000	11025
chr1	2740000	2760000	11731
chr1	2760000	2780000	11590
chr1	2780000	2800000	11494
chr1	2800000	2820000	12206
chr1	2820000	2840000	12888
chr1	2840000	2860000	11530
chr1	2860000	2880000	11672
chr1	2880000	2900000	11859
chr1	2900000	2920000	11268
chr1	2920000	2940000	9964
chr1	2940000	2960000	10970
chr1	2960000	2980000	12458
chr1	2980000	3000000	9586
chr1	3000000	3020000	11101
chr1	3020000	3040000	11995
chr1	3040000	3060000	12008
chr1	3060000	3080000	10891
chr1	3080000	3100000	10390
chr1	3100000	3120000	10779
chr1	3120000	3140000	12098
chr1	3140000	3160000	11219
chr1	3160000	3180000	11555
chr1	3180000	3200000	12538
chr1	3200000	3220000	11421
chr1	3220000	3240000	11337
chr1	3240000	3260000	11796
chr1	3260000	3280000	11824
chr1	3280000	3300000	11337
chr1	3300000	3320000	10938
chr1	3320000	3340000	10494
chr1	3340000	3360000	10240
chr1	3360000	3380000	9496
chr1	3380000	3400000	10542
chr1	3400000	3420000	11040
chr1	3420000	3440000	10931
chr1	3440000	3460000	11742
chr1	3460000	3480000	10716
chr1	3480000	3500000	11216
chr1	3500000	3520000	12820
chr1	3520000	3540000	12342
chr1	3540000	3560000	11789
chr1	3560000	3580000	11784
chr1	3580000	3600000	10649
chr1	3600000	3620000	12191
chr1	3620000	3640000	11258
chr1	3640000	3660000	12293
chr1	3660000	3680000	12046
chr1	3680000	3700000	11668
chr1	3700000	3720000	10876
chr1	3720000	3740000	11344
chr1	3740000	3760000	11854
chr1	3760000	3780000	11729
chr1	3780000	3800000	10836
chr1	3800000	3820000	11101
chr1	3820000	3840000	11697
chr1	3840000	3860000	10337
chr1	3860000	3880000	11420
chr1	3880000	3900000	10973
chr1	3900000	3920000	11803
chr1	3920000	3940000	11689
chr1	3940000	3960000	10417
chr1	3960000	3980000	11941
chr1	3980000	4000000	10758
chr1	4000000	4020000	12276
chr1	4020000	4040000	11346
chr1	4040000	4060000	10182
chr1	4060000	4080000	10665
chr1	4080000	4100000	12541
chr1	4100000	4120000	11875
chr1	4120000	4140000	10635
chr1	4140000	4160000	12285
chr1	4160000	4180000	11329
chr1	4180000	4200000	12733
chr1	4200000	4220000	12483
chr1	4220000	4240000	12059
chr1	4240000	4260000	13352
chr1	4260000	4280000	12415
chr1	4280000	4300000	12541
chr1	4300000	4320000	12677
chr1	4320000	4340000	11922
chr1	4340000	4360000	12553
chr1	4360000	4380000	11865
chr1	4380000	4400000	12238
chr1	4400000	4420000	10795
chr1	4420000	4440000	10383
chr1	4440000	4460000	12285
chr1	4460000	4480000	11296
chr1	4480000	4500000	11407
chr1	4500000	4520000	12653
chr1	4520000	4540000	12098
chr1	4540000	4560000	11596
chr1	4560000	4580000	10703
chr1	4580000	4600000	10123
chr1	4600000	4620000	11916
chr1	4620000	4640000	11275
chr1	4640000	4660000	11491
chr1	4660000	4680000	10913
chr1	4680000	4700000	10918
chr1	4700000	4720000	11274
chr1	4720000	4740000	10694
chr1	4740000	4760000	10897
chr1	4760000	4780000	11084
chr1	4780000	4800000	10661
chr1	4800000	4820000	10328
chr1	4820000	4840000	10685
chr1	4840000	4860000	10160
chr1	4860000	4880000	12197
chr1	4880000	4900000	10929
chr1	4900000	4920000	9143
chr1	4920000	4940000	10678
chr1	4940000	4960000	12024
chr1	4960000	4980000	11736
chr1	4980000	5000000	12503
chr1	5000000	5020000	12330
chr1	5020000	5040000	12060
chr1	5040000	5060000	11329
chr1	5060000	5080000	11779
chr1	5080000	5100000	10883
chr1	5100000	5120000	11469
chr1	5120000	5140000	11472
chr1	5140000	5160000	10338
chr1	5160000	5180000	9387
chr1	5180000	5200000	9323
chr1	5200000	5220000	9397
chr1	5220000	5240000	10150
chr1	5240000	5260000	11362
chr1	5260000	5280000	11486
chr1	5280000	5300000	12329
chr1	5300000	5320000	12431
chr1	5320000	5340000	11889
chr1	5340000	5360000	10691
chr1	5360000	5380000	11818
chr1	5380000	5400000	12532
chr1	5400000	5420000	12271
chr1	5420000	5440000	12250
chr1	5440000	5460000	11133
chr1	5460000	5480000	9732
chr1	5480000	5500000	10581
chr1	5500000	5520000	12361
chr1	5520000	5540000	11001
chr1	5540000	5560000	11491
chr1	5560000	5580000	10577
chr1	5580000	5600000	11519
chr1	5600000	5620000	10910
chr1	5620000	5640000	11576
chr1	5640000	5660000	8770
chr1	5660000	5680000	9283
chr1	5680000	5700000	11842
chr1	5700000	5720000	11489
chr1	5720000	5740000	11218
chr1	5740000	5760000	12507
chr1	5760000	5780000	11561
chr1	5780000	5800000	10805
chr1	5800000	5820000	10287
chr1	5820000	5840000	9566
chr1	5840000	5860000	10100
chr1	5860000	5880000	10322
chr1	5880000	5900000	10271
chr1	5900000	5920000	13042
chr1	5920000	5940000	10599
chr1	5940000	5960000	11372
chr1	5960000	5980000	12879
chr1	5980000	6000000	10609
chr1	6000000	6020000	9727
chr1	6020000	6040000	9142
chr1	6040000	6060000	8939
chr1	6060000	6080000	9972
chr1	6080000	6100000	9654
chr1	6100000	6120000	9000
chr1	6120000	6140000	9232
chr1	6140000	6160000	11560
chr1	6160000	6180000	13272
chr1	6180000	6200000	12947
chr1	6200000	6220000	12443
chr1	6220000	6240000	11207
chr1	6240000	6260000	10892
chr1	6260000	6280000	11786
chr1	6280000	6300000	12379
chr1	6300000	6320000	12001
chr1	6320000	6340000	10300
chr1	6340000	6360000	10192
chr1	6360000	6380000	11856
chr1	6380000	6400000	12110
chr1	6400000	6420000	13019
chr1	6420000	6440000	10755
chr1	6440000	6460000	12247
chr1	6460000	6480000	11331
chr1	6480000	6500000	10930
chr1	6500000	6520000	11203
chr1	6520000	6540000	11924
chr1	6540000	6560000	11268
chr1	6560000	6580000	9246
chr1	6580000	6600000	9486
chr1	6600000	6620000	10363
chr1	6620000	6640000	9390
chr1	6640000	6660000	11342
chr1	6660000	6680000	10950
chr1	6680000	6700000	10991
chr1	6700000	6720000	10129
chr1	6720000	6740000	12646
chr1	6740000	6760000	13488
chr1	6760000	6780000	13071
chr1	6780000	6800000	9120
chr1	6800000	6820000	9236
chr1	6820000	6840000	9306
chr1	6840000	6860000	9805
chr1	6860000	6880000	9092
chr1	6880000	6900000	11197
chr1	6900000	6920000	10172
chr1	6920000	6940000	9697
chr1	6940000	6960000	11419
chr1	6960000	6980000	11562
chr1	6980000	7000000	12251
chr1	7000000	7020000	12423
chr1	7020000	7040000	12700
chr1	7040000	7060000	11829
chr1	7060000	7080000	11321
chr1	7080000	7100000	11600
chr1	7100000	7120000	11769
chr1	7120000	7140000	11618
chr1	7140000	7160000	11850
chr1	7160000	7180000	12662
chr1	7180000	7200000	11729
chr1	7200000	7220000	12752
chr1	7220000	7240000	12246
chr1	7240000	7260000	10905
chr1	7260000	7280000	10144
chr1	7280000	7300000	11723
chr1	7300000	7320000	9432
chr1	7320000	7340000	11878
chr1	7340000	7360000	9759
chr1	7360000	7380000	11707
chr1	7380000	7400000	11061
chr1	7400000	7420000	10763
chr1	7420000	7440000	9915
chr1	7440000	7460000	8623
chr1	7460000	7476621	8253.01
chr2	0	20000	8594
chr2	20000	40000	8819
chr2	40000	60000	11613
chr2	60000	80000	10070
chr2	80000	100000	10474
chr2	100000	120000	10531
chr2	120000	140000	11675
chr2	140000	160000	11876
chr2	160000	180000	12216
chr2	180000	200000	11959
chr2	200000	220000	11107
chr2	220000	240000	12539
chr2	240000	260000	11151
chr2	260000	280000	10996
chr2	280000	300000	9860
chr2	300000	320000	10685
chr2	320000	340000	10953
chr2	340000	360000	11062
chr2	360000	380000	11354
chr2	380000	400000	11470
chr2	400000	420000	12061
chr2	420000	440000	11262
chr2	440000	460000	10148
chr2	460000	480000	10672
chr2	480000	500000	11080
chr2	500000	520000	12146
chr2	520000	540000	10767
chr2	540000	560000	11325
chr2	560000	580000	10308
chr2	580000	600000	9790
chr2	600000	620000	12450
chr2	620000	640000	11552
chr2	640000	660000	11809
chr2	660000	680000	11447
chr2	680000	700000	11152
chr2	700000	720000	11816
chr2	720000	740000	12940
chr2	740000	760000	11280
chr2	760000	780000	10292
chr2	780000	800000	10353
chr2	800000	820000	12862
chr2	820000	840000	12379
chr2	840000	860000	12730
chr2	860000	880000	11956
chr2	880000	900000	11530
chr2	900000	920000	11719
chr2	920000	940000	10360
chr2	940000	960000	9858
chr2	960000	980000	9812
chr2	980000	1000000	8469
chr2	1000000	1020000	8617
chr2	1020000	1040000	9094
chr2	1040000	1060000	10495
chr2	1060000	1080000	10589
chr2	1080000	1100000	10394
chr2	1100000	1120000	12792
chr2	1120000	1140000	10397
chr2	1140000	1160000	11851
chr2	1160000	1180000	11556
chr2	1180000	1200000	12552
chr2	1200000	1220000	11627
chr2	1220000	1240000	11724
chr2	1240000	1260000	12039
chr2	1260000	1280000	10745
chr2	1280000	1300000	12624
chr2	1300000	1320000	11938
chr2	1320000	1340000	10151
chr2	1340000	1360000	10326
chr2	1360000	1380000	9795
chr2	1380000	1400000	10569
chr2	1400000	1420000	10871
chr2	1420000	1440000	10245
chr2	1440000	1460000	11376
chr2	1460000	1480000	9526
chr2	1480000	1500000	11658
chr2	1500000	1520000	11477
chr2	1520000	1540000	12404
chr2	1540000	1560000	10826
chr2	1560000	1580000	10652
chr2	1580000	1600000	11726
chr2	1600000	1620000	11400
chr2	1620000	1640000	10714
chr2	1640000	1660000	11082
chr2	1660000	1680000	11377
chr2	1680000	1700000	12107
chr2	1700000	1720000	11594
chr2	1720000	1740000	10505
chr2	1740000	1760000	11393
chr2	1760000	1780000	11236
chr2	1780000	1800000	10831
chr2	1800000	1820000	12301
chr2	1820000	1840000	11131
chr2	1840000	1860000	11031
chr2	1860000	1880000	11498
chr2	1880000	1900000	10699
chr2	1900000	1920000	10631
chr2	1920000	1940000	9399
chr2	1940000	1960000	10767
chr2	1960000	1980000	10206
chr2	1980000	2000000	11057
chr2	2000000	2020000	10127
chr2	2020000	2040000	11173
chr2	2040000	2060000	11849
chr2	2060000	2080000	11436
chr2	2080000	2100000	11387
chr2	2100000	2120000	11024
chr2	2120000	2140000	11362
chr2	2140000	2160000	11954
chr2	2160000	2180000	11738
chr2	2180000	2200000	11927
chr2	2200000	2220000	11142
chr2	2220000	2240000	8989
chr2	2240000	2260000	12109
chr2	2260000	2280000	12722
chr2	2280000	2300000	10374
chr2	2300000	2320000	10458
chr2	2320000	2340000	11117
chr2	2340000	2360000	11538
chr2	2360000	2380000	11241
chr2	2380000	2400000	13012
chr2	2400000	2420000	12177
chr2	2420000	2440000	11025
chr2	2440000	2460000	9831
chr2	2460000	2480000	11520
chr2	2480000	2500000	9845
chr2	2500000	2520000	8934
chr2	2520000	2540000	9305
chr2	2540000	2560000	11364
chr2	2560000	2580000	11347
chr2	2580000	2600000	11293
chr2	2600000	2620000	11791
chr2	2620000	2640000	10650
chr2	2640000	2660000	11433
chr2	2660000	2680000	11742
chr2	2680000	2700000	11247
chr2	2700000	2720000	11175
chr2	2720000	2740000	11526
chr2	2740000	2760000	13123
chr2	2760000	2780000	11116
chr2	2780000	2800000	10444
chr2	2800000	2820000	12579
chr2	2820000	2840000	10802
chr2	2840000	2860000	9347
chr2	2860000	2880000	9914
chr2	2880000	2900000	9604
chr2	2900000	2920000	10215
chr2	2920000	2940000	9651
chr2	2940000	2960000	9650
chr2	2960000	2980000	10026
chr2	2980000	3000000	11079
chr2	3000000	3020000	11958
chr2	3020000	3040000	12348
chr2	3040000	3060000	12335
chr2	3060000	3080000	12530
chr2	3080000	3100000	12586
chr2	3100000	3120000	11219
chr2	3120000	3140000	12592
chr2	3140000	3160000	11685
chr2	3160000	3180000	10518
chr2	3180000	3200000	12616
chr2	3200000	3220000	12296
chr2	3220000	3240000	11187
chr2	3240000	3260000	11364
chr2	3260000	3280000	11173
chr2	3280000	3300000	11132
chr2	3300000	3320000	12080
chr2	3320000	3340000	10109
chr2	3340000	3360000	12720
chr2	3360000	3380000	12179
chr2	3380000	3400000	9533
chr2	3400000	3420000	12069
chr2	3420000	3440000	12269
chr2	3440000	3460000	11863
chr2	3460000	3480000	12753
chr2	3480000	3500000	11361
chr2	3500000	3520000	12541
chr2	3520000	3540000	11330
chr2	3540000	3560000	12035
chr2	3560000	3580000	11950
chr2	3580000	3600000	10294
chr2	3600000	3620000	12354
chr2	3620000	3640000	13300
chr2	3640000	3660000	11100
chr2	3660000	3680000	12031
chr2	3680000	3700000	11313
chr2	3700000	3720000	11268
chr2	3720000	3740000	9630
chr2	3740000	3760000	9600
chr2	3760000	3780000	10050
chr2	3780000	3800000	9290
chr2	3800000	3820000	11691
chr2	3820000	3840000	9765
chr2	3840000	3860000	11870
chr2	3860000	3880000	10582
chr2	3880000	3900000	11008
chr2	3900000	3920000	11323
chr2	3920000	3940000	11820
chr2	3940000	3960000	11152
chr2	3960000	3980000	12623
chr2	3980000	4000000	11266
chr2	4000000	4020000	10475
chr2	4020000	4040000	10967
chr2	4040000	4060000	11241
chr2	4060000	4080000	10633
chr2	4080000	4100000	10283
chr2	4100000	4120000	12036
chr2	4120000	4140000	11356
chr2	4140000	4160000	10667
chr2	4160000	4180000	9897
chr2	4180000	4200000	9888
chr2	4200000	4220000	10568
chr2	4220000	4240000	9871
chr2	4240000	4260000	9375
chr2	4260000	4280000	9420
chr2	4280000	4300000	8788
chr2	4300000	4320000	8641
chr2	4320000	4340000	12531
chr2	4340000	4360000	11633
chr2	4360000	4380000	10942
chr2	4380000	4400000	10283
chr2	4400000	4420000	10840
chr2	4420000	4440000	12351
chr2	4440000	4460000	12991
chr2	4460000	4480000	12679
chr2	4480000	4500000	11099
chr2	4500000	4520000	11876
chr2	4520000	4540000	11459
chr2	4540000	4560000	11658
chr2	4560000	4580000	12298
chr2	4580000	4600000	10949
chr2	4600000	4620000	12697
chr2	4620000	4640000	12509
chr2	4640000	4660000	11382
chr2	4660000	4680000	10364
chr2	4680000	4700000	10735
chr2	4700000	4720000	11432
chr2	4720000	4740000	11188
chr2	4740000	4760000	11602
chr2	4760000	4780000	12533
chr2	4780000	4800000	11804
chr2	4800000	4820000	12666
chr2	4820000	4840000	11339
chr2	4840000	4860000	12373
chr2	4860000	4880000	12547
chr2	4880000	4900000	11066
chr2	4900000	4920000	11658
chr2	4920000	4940000	11598
chr2	4940000	4960000	12193
chr2	4960000	4980000	11335
chr2	4980000	5000000	11642
chr2	5000000	5020000	12838
chr2	5020000	5040000	11629
chr2	5040000	5060000	11630
chr2	5060000	5080000	10254
chr2	5080000	5100000	10950
chr2	5100000	5120000	12114
chr2	5120000	5140000	11486
chr2	5140000	5160000	11744
chr2	5160000	5180000	11821
chr2	5180000	5200000	11628
chr2	5200000	5220000	10926
chr2	5220000	5240000	10415
chr2	5240000	5260000	8861
chr2	5260000	5268805	3530
chr3	0	20000	8549
chr3	20000	40000	12661
chr3	40000	60000	11834
chr3	60000	80000	11054
chr3	80000	100000	11432
chr3	100000	120000	10410
chr3	120000	140000	10436
chr3	140000	160000	11251
chr3	160000	180000	10697
chr3	180000	200000	10145
chr3	200000	220000	12233
chr3	220000	240000	12066
chr3	240000	260000	12302
chr3	260000	280000	10861
chr3	280000	300000	11699
chr3	300000	320000	10269
chr3	320000	340000	10983
chr3	340000	360000	10860
chr3	360000	380000	11054
chr3	380000	400000	11852
chr3	400000	420000	11559
chr3	420000	440000	11671
chr3	440000	460000	10754
chr3	460000	480000	10647
chr3	480000	500000	13060
chr3	500000	520000	11529
chr3	520000	540000	10692
chr3	540000	560000	11254
chr3	560000	580000	12246
chr3	580000	600000	12408
chr3	600000	620000	11474
chr3	620000	640000	12442
chr3	640000	660000	12125
chr3	660000	680000	12124
chr3	680000	700000	10797
chr3	700000	720000	11754
chr3	720000	740000	10878
chr3	740000	760000	11680
chr3	760000	780000	11470
chr3	780000	800000	9539
chr3	800000	820000	10321
chr3	820000	840000	11058
chr3	840000	860000	11466
chr3	860000	880000	11727
chr3	880000	900000	12291
chr3	900000	920000	12080
chr3	920000	940000	11470
chr3	940000	960000	10008
chr3	960000	980000	9583
chr3	980000	1000000	9685
chr3	1000000	1020000	10947
chr3	1020000	1040000	9622
chr3	1040000	1060000	11595
chr3	1060000	1080000	12390
chr3	1080000	1100000	12294
chr3	1100000	1120000	11200
chr3	1120000	1140000	12446
chr3	1140000	1160000	12349
chr3	1160000	1180000	12699
chr3	1180000	1200000	10807
chr3	1200000	1220000	11404
chr3	1220000	1240000	12204
chr3	1240000	1260000	11106
chr3	1260000	1280000	11024
chr3	1280000	1300000	10971
chr3	1300000	1320000	10972
chr3	1320000	1340000	10327
chr3	1340000	1360000	12288
chr3	1360000	1380000	12506
chr3	1380000	1400000	10884
chr3	1400000	1420000	10817
chr3	1420000	1440000	11673
chr3	1440000	1460000	9496
chr3	1460000	1480000	10105
chr3	1480000	1500000	9318
chr3	1500000	1520000	11259
chr3	1520000	1540000	11874
chr3	1540000	1560000	12541
chr3	1560000	1580000	10062
chr3	1580000	1600000	11840
chr3	1600000	1620000	12077
chr3	1620000	1640000	11832
chr3	1640000	1660000	11954
chr3	1660000	1680000	12659
chr3	1680000	1700000	11825
chr3	1700000	1720000	11647
chr3	1720000	1740000	12290
chr3	1740000	1760000	11594
chr3	1760000	1780000	11031
chr3	1780000	1800000	10698
chr3	1800000	1820000	10990
chr3	1820000	1840000	9919
chr3	1840000	1860000	10025
chr3	1860000	1880000	9962
chr3	1880000	1900000	9244
chr3	1900000	1920000	10718
chr3	1920000	1940000	11838
chr3	1940000	1960000	11128
chr3	1960000	1980000	11700
chr3	1980000	2000000	12374
chr3	2000000	2020000	12940
chr3	2020000	2040000	12187
chr3	2040000	2060000	12246
chr3	2060000	2080000	11683
chr3	2080000	2100000	10705
chr3	2100000	2120000	11419
chr3	2120000	2140000	12615
chr3	2140000	2160000	9769
chr3	2160000	2180000	12484
chr3	2180000	2200000	11413
chr3	2200000	2220000	10982
chr3	2220000	2240000	12244
chr3	2240000	2260000	10169
chr3	2260000	2280000	11215
chr3	2280000	2300000	11958
chr3	2300000	2320000	12157
chr3	2320000	2340000	11707
chr3	2340000	2360000	12798
chr3	2360000	2380000	11120
chr3	2380000	2400000	12166
chr3	2400000	2420000	12334
chr3	2420000	2440000	11738
chr3	2440000	2460000	11673
chr3	2460000	2480000	11639
chr3	2480000	2500000	11009
chr3	2500000	2520000	10180
chr3	2520000	2540000	9845
chr3	2540000	2560000	10619
chr3	2560000	2580000	12005
chr3	2580000	2600000	11032
chr3	2600000	2620000	9551
chr3	2620000	2640000	10947
chr3	2640000	2660000	10348
chr3	2660000	2680000	10985
chr3	2680000	2700000	12069
chr3	2700000	2720000	11844
chr3	2720000	2740000	11151
chr3	2740000	2760000	11110
chr3	2760000	2780000	11982
chr3	2780000	2800000	10737
chr3	2800000	2820000	11876
chr3	2820000	2840000	12056
chr3	2840000	2860000	10290
chr3	2860000	2880000	10257
chr3	2880000	2900000	11431
chr3	2900000	2920000	11147
chr3	2920000	2940000	10962
chr3	2940000	2960000	12117
chr3	2960000	2980000	12805
chr3	2980000	3000000	12441
chr3	3000000	3020000	10575
chr3	3020000	3040000	10625
chr3	3040000	3060000	11345
chr3	3060000	3080000	10566
chr3	3080000	3100000	10854
chr3	3100000	3120000	9904
chr3	3120000	3140000	12053
chr3	3140000	3160000	12018
chr3	3160000	3180000	12153
chr3	3180000	3200000	12192
chr3	3200000	3220000	12249
chr3	3220000	3240000	11952
chr3	3240000	3260000	11135
chr3	3260000	3280000	10867
chr3	3280000	3300000	10979
chr3	3300000	3320000	11842
chr3	3320000	3340000	12385
chr3	3340000	3360000	11936
chr3	3360000	3380000	11771
chr3	3380000	3400000	12484
chr3	3400000	3420000	12698
chr3	3420000	3440000	10043
chr3	3440000	3460000	9325
chr3	3460000	3480000	9701
chr3	3480000	3500000	9827
chr3	3500000	3520000	9242
chr3	3520000	3540000	9589
chr3	3540000	3560000	9362
chr3	3560000	3580000	9406
chr3	3580000	3600000	9499
chr3	3600000	3620000	11483
chr3	3620000	3640000	11846
chr3	3640000	3660000	12575
chr3	3660000	3680000	11313
chr3	3680000	3700000	11956
chr3	3700000	3720000	11551
chr3	3720000	3740000	10477
chr3	3740000	3760000	9551
chr3	3760000	3780000	11283
chr3	3780000	3800000	11131
chr3	3800000	3820000	10176
chr3	3820000	3840000	11417
chr3	3840000	3860000	10111
chr3	3860000	3880000	11792
chr3	3880000	3900000	12106
chr3	3900000	3920000	12113
chr3	3920000	3940000	11757
chr3	3940000	3960000	12086
chr3	3960000	3980000	12488
chr3	3980000	4000000	12437
chr3	4000000	4020000	10803
chr3	4020000	4040000	12677
chr3	4040000	4060000	9362
chr3	4060000	4080000	9071
chr3	4080000	4100000	11080
chr3	4100000	4120000	11193
chr3	4120000	4140000	12707
chr3	4140000	4160000	12588
chr3	4160000	4180000	12767
chr3	4180000	4200000	12796
chr3	4200000	4220000	12418
chr3	4220000	4240000	11940
chr3	4240000	4260000	10694
chr3	4260000	4280000	10420
chr3	4280000	4300000	9667
chr3	4300000	4320000	10635
chr3	4320000	4340000	8912
chr3	4340000	4360000	9108
chr3	4360000	4380000	9468
chr3	4380000	4400000	9862
chr3	4400000	4420000	11419
chr3	4420000	4440000	11790
chr3	4440000	4460000	12223
chr3	4460000	4480000	12197
chr3	4480000	4500000	11165
chr3	4500000	4520000	11779
chr3	4520000	4540000	10750
chr3	4540000	4560000	9898
chr3	4560000	4580000	10432
chr3	4580000	4600000	10271
chr3	4600000	4620000	10810
chr3	4620000	4640000	10472
chr3	4640000	4660000	10880
chr3	4660000	4680000	11056
chr3	4680000	4700000	11253
chr3	4700000	4720000	11556
chr3	4720000	4740000	10385
chr3	4740000	4760000	10790
chr3	4760000	4780000	9858
chr3	4780000	4800000	11036
chr3	4800000	4820000	12351
chr3	4820000	4840000	9800
chr3	4840000	4860000	10886
chr3	4860000	4880000	12593
chr3	4880000	4900000	11311
chr3	4900000	4920000	10733
chr3	4920000	4940000	11653
chr3	4940000	4960000	11735
chr3	4960000	4980000	12294
chr3	4980000	5000000	11192
chr3	5000000	5020000	11539
chr3	5020000	5040000	10868
chr3	5040000	5060000	10502
chr3	5060000	5080000	11617
chr3	5080000	5100000	11086
chr3	5100000	5120000	11003
chr3	5120000	5138350	9088.99
chr4	0	20000	10361
chr4	20000	40000	10492
chr4	40000	60000	10394
chr4	60000	80000	11810
chr4	80000	100000	11330
chr4	100000	120000	11734
chr4	120000	140000	12152
chr4	140000	160000	10941
chr4	160000	180000	11348
chr4	180000	200000	11318
chr4	200000	220000	11133
chr4	220000	240000	11554
chr4	240000	260000	11669
chr4	260000	280000	10415
chr4	280000	300000	10026
chr4	300000	320000	11161
chr4	320000	340000	10768
chr4	340000	360000	10517
chr4	360000	380000	11650
chr4	380000	400000	11657
chr4	400000	420000	11056
chr4	420000	440000	11470
chr4	440000	460000	11097
chr4	460000	480000	11160
chr4	480000	500000	11529
chr4	500000	520000	11955
chr4	520000	540000	11656
chr4	540000	560000	11441
chr4	560000	580000	9698
chr4	580000	600000	9355
chr4	600000	620000	9717
chr4	620000	640000	9322
chr4	640000	660000	9923
chr4	660000	680000	9574
chr4	680000	700000	11852
chr4	700000	720000	11988
chr4	720000	740000	11537
chr4	740000	760000	11367
chr4	760000	780000	11663
chr4	780000	800000	12555
chr4	800000	820000	11649
chr4	820000	840000	12392
chr4	840000	860000	12192
chr4	860000	880000	11699
chr4	880000	900000	12026
chr4	900000	920000	12212
chr4	920000	940000	12402
chr4	940000	960000	12678
chr4	960000	980000	12540
chr4	980000	1000000	11742
chr4	1000000	1020000	11016
chr4	1020000	1040000	9923
chr4	1040000	1060000	9860
chr4	1060000	1080000	9419
chr4	1080000	1100000	10077
chr4	1100000	1120000	11927
chr4	1120000	1140000	12390
chr4	1140000	1160000	12172
chr4	1160000	1180000	11069
chr4	1180000	1200000	11053
chr4	1200000	1220000	12168
chr4	1220000	1240000	12528
chr4	1240000	1260000	11510
chr4	1260000	1280000	12366
chr4	1280000	1300000	12053
chr4	1300000	1320000	12889
chr4	1320000	1340000	12440
chr4	1340000	1360000	12319
chr4	1360000	1380000	11099
chr4	1380000	1400000	11153
chr4	1400000	1420000	12643
chr4	1420000	1440000	12390
chr4	1440000	1460000	12200
chr4	1460000	1480000	12389
chr4	1480000	1500000	12525
chr4	1500000	1520000	12688
chr4	1520000	1540000	11538
chr4	1540000	1560000	12857
chr4	1560000	1580000	10478
chr4	1580000	1600000	9974
chr4	1600000	1620000	11205
chr4	1620000	1640000	11842
chr4	1640000	1660000	12696
chr4	1660000	1680000	10442
chr4	1680000	1700000	10308
chr4	1700000	1720000	10466
chr4	1720000	1740000	8873
chr4	1740000	1760000	9008
chr4	1760000	1780000	8766
chr4	1780000	1800000	9143
chr4	1800000	1820000	9495
chr4	1820000	1840000	9393
chr4	1840000	1860000	9005
chr4	1860000	1880000	11318
chr4	1880000	1900000	11034
chr4	1900000	1920000	10722
chr4	1920000	1940000	11087
chr4	1940000	1960000	11728
chr4	1960000	1980000	10629
chr4	1980000	2000000	11342
chr4	2000000	2020000	11227
chr4	2020000	2040000	11171
chr4	2040000	2060000	9033
chr4	2060000	2080000	9158
chr4	2080000	2100000	9716
chr4	2100000	2120000	9366
chr4	2120000	2140000	9423
chr4	2140000	2160000	13037
chr4	2160000	2180000	12286
chr4	2180000	2200000	13499
chr4	2200000	2220000	13362
chr4	2220000	2240000	11072
chr4	2240000	2260000	11310
chr4	2260000	2280000	10886
chr4	2280000	2300000	12255
chr4	2300000	2320000	9779
chr4	2320000	2340000	9242
chr4	2340000	2360000	9450
chr4	2360000	2380000	10420
chr4	2380000	2400000	9109
chr4	2400000	2420000	10168
chr4	2420000	2440000	9401
chr4	2440000	2460000	8843
chr4	2460000	2480000	10175
chr4	2480000	2500000	11934
chr4	2500000	2520000	10744
chr4	2520000	2540000	12923
chr4	2540000	2560000	11675
chr4	2560000	2580000	12240
chr4	2580000	2600000	10231
chr4	2600000	2620000	12919
chr4	2620000	2640000	12710
chr4	2640000	2660000	10523
chr4	2660000	2680000	11555
chr4	2680000	2700000	10373
chr4	2700000	2720000	10109
chr4	2720000	2740000	10632
chr4	2740000	2760000	11969
chr4	2760000	2780000	10132
chr4	2780000	2800000	10498
chr4	2800000	2820000	9053
chr4	2820000	2840000	9866
chr4	2840000	2860000	11414
chr4	2860000	2880000	9321
chr4	2880000	2900000	9099
chr4	2900000	2920000	9500
chr4	2920000	2940000	9772
chr4	2940000	2960000	12044
chr4	2960000	2980000	11775
chr4	2980000	3000000	12863
chr4	3000000	3020000	12864
chr4	3020000	3040000	11046
chr4	3040000	3060000	10376
chr4	3060000	3080000	9957
chr4	3080000	3100000	9914
chr4	3100000	3120000	12120
chr4	3120000	3140000	12189
chr4	3140000	3160000	10708
chr4	3160000	3180000	11711
chr4	3180000	3200000	11108
chr4	3200000	3220000	12159
chr4	3220000	3240000	11215
chr4	3240000	3260000	10515
chr4	3260000	3280000	11321
chr4	3280000	3300000	9463
chr4	3300000	3320000	9507
chr4	3320000	3340000	8849
chr4	3340000	3360000	9696
chr4	3360000	3380000	10851
chr4	3380000	3400000	9648
chr4	3400000	3420000	10988
chr4	3420000	3440000	10357
chr4	3440000	3460000	11540
chr4	3460000	3480000	12758
chr4	3480000	3500000	12677
chr4	3500000	3520000	12631
chr4	3520000	3540000	10354
chr4	3540000	3560000	11085
chr4	3560000	3580000	11423
chr4	3580000	3600000	12612
chr4	3600000	3620000	11817
chr4	3620000	3640000	11848
chr4	3640000	3660000	10368
chr4	3660000	3680000	10795
chr4	3680000	3700000	10984
chr4	3700000	3720000	11343
chr4	3720000	3740000	11363
chr4	3740000	3760000	12212
chr4	3760000	3780000	11913
chr4	3780000	3800000	12521
chr4	3800000	3820000	12238
chr4	3820000	3840000	12629
chr4	3840000	3860000	12269
chr4	3860000	3880000	12466
chr4	3880000	3900000	11675
chr4	3900000	3920000	12159
chr4	3920000	3940000	12205
chr4	3940000	3960000	11378
chr4	3960000	3980000	12626
chr4	3980000	4000000	11073
chr4	4000000	4020000	11286
chr4	4020000	4040000	11761
chr4	4040000	4060000	11711
chr4	4060000	4080000	12066
chr4	4080000	4100000	11630
chr4	4100000	4120000	11763
chr4	4120000	4140000	12294
chr4	4140000	4160000	12558
chr4	4160000	4180000	12423
chr4	4180000	4200000	10648
chr4	4200000	4220000	10970
chr4	4220000	4240000	9655
chr4	4240000	4260000	10220
chr4	4260000	4280000	11004
chr4	4280000	4300000	10588
chr4	4300000	4320000	11667
chr4	4320000	4340000	12018
chr4	4340000	4360000	12575
chr4	4360000	4380000	12244
chr4	4380000	4400000	11895
chr4	4400000	4420000	12609
chr4	4420000	4440000	11382
chr4	4440000	4460000	10752
chr4	4460000	4480000	8906
chr4	4480000	4500000	9032
chr4	4500000	4520000	8719
chr4	4520000	4540000	9995
chr4	4540000	4560000	8214
chr4	4560000	4580000	9659
chr4	4580000	4600000	10972
chr4	4600000	4620000	11404
chr4	4620000	4640000	10048
chr4	4640000	4660000	9598
chr4	4660000	4665194	2673
chr5	0	20000	8709
chr5	20000	40000	12055
chr5	40000	60000	11950
chr5	60000	80000	10275
chr5	80000	100000	10078
chr5	100000	120000	11050
chr5	120000	140000	11736
chr5	140000	160000	11419
chr5	160000	180000	12265
chr5	180000	200000	11544
chr5	200000	220000	9782
chr5	220000	240000	10408
chr5	240000	260000	11474
chr5	260000	280000	11046
chr5	280000	300000	11243
chr5	300000	320000	10479
chr5	320000	340000	10482
chr5	340000	360000	10643
chr5	360000	380000	9892
chr5	380000	400000	10659
chr5	400000	420000	10229
chr5	420000	440000	11858
chr5	440000	460000	11032
chr5	460000	480000	11691
chr5	480000	500000	11669
chr5	500000	520000	10816
chr5	520000	540000	10508
chr5	540000	560000	9295
chr5	560000	580000	9681
chr5	580000	600000	11197
chr5	600000	620000	11610
chr5	620000	640000	12367
chr5	640000	660000	12122
chr5	660000	680000	10320
chr5	680000	700000	11943
chr5	700000	720000	11339
chr5	720000	740000	11845
chr5	740000	760000	11704
chr5	760000	780000	11661
chr5	780000	800000	9988
chr5	800000	820000	10090
chr5	820000	840000	11742
chr5	840000	860000	9681
chr5	860000	880000	9824
chr5	880000	900000	11159
chr5	900000	920000	11902
chr5	920000	940000	12186
chr5	940000	960000	11943
chr5	960000	980000	11255
chr5	980000	1000000	10693
chr5	1000000	1020000	11165
chr5	1020000	1040000	12107
chr5	1040000	1060000	11840
chr5	1060000	1080000	11238
chr5	1080000	1100000	11964
chr5	1100000	1120000	12670
chr5	1120000	1140000	11674
chr5	1140000	1160000	11924
chr5	1160000	1180000	11004
chr5	1180000	1200000	12121
chr5	1200000	1220000	12132
chr5	1220000	1240000	11925
chr5	1240000	1260000	11120
chr5	1260000	1280000	11350
chr5	1280000	1300000	9617
chr5	1300000	1320000	12071
chr5	1320000	1340000	11896
chr5	1340000	1360000	12352
chr5	1360000	1380000	12199
chr5	1380000	1400000	10560
chr5	1400000	1420000	10652
chr5	1420000	1440000	12429
chr5	1440000	1460000	10929
chr5	1460000	1480000	10713
chr5	1480000	1500000	10655
chr5	1500000	1520000	11982
chr5	1520000	1540000	11273
chr5	1540000	1560000	8875
chr5	1560000	1580000	10037
chr5	1580000	1600000	10385
chr5	1600000	1620000	10819
chr5	1620000	1640000	11879
chr5	1640000	1660000	11788
chr5	1660000	1680000	12060
chr5	1680000	1700000	11795
chr5	1700000	1720000	11343
chr5	1720000	1740000	10656
chr5	1740000	1760000	12536
chr5	1760000	1780000	11162
chr5	1780000	1800000	11170
chr5	1800000	1820000	13126
chr5	1820000	1840000	11770
chr5	1840000	1860000	11254
chr5	1860000	1880000	11791
chr5	1880000	1900000	11517
chr5	1900000	1920000	10843
chr5	1920000	1940000	12657
chr5	1940000	1960000	11904
chr5	1960000	1980000	10633
chr5	1980000	2000000	11474
chr5	2000000	2020000	12982
chr5	2020000	2040000	12322
chr5	2040000	2060000	10250
chr5	2060000	2080000	11445
chr5	2080000	2100000	10773
chr5	2100000	2120000	10874
chr5	2120000	2140000	12053
chr5	2140000	2160000	11400
chr5	2160000	2180000	11227
chr5	2180000	2200000	12571
chr5	2200000	2220000	12016
chr5	2220000	2240000	9810
chr5	2240000	2260000	10230
chr5	2260000	2280000	9831
chr5	2280000	2300000	10522
chr5	2300000	2320000	12434
chr5	2320000	2340000	10258
chr5	2340000	2360000	10673
chr5	2360000	2380000	11582
chr5	2380000	2400000	11016
chr5	2400000	2420000	12641
chr5	2420000	2440000	12000
chr5	2440000	2460000	11858
chr5	2460000	2480000	10735
chr5	2480000	2500000	11508
chr5	2500000	2520000	10555
chr5	2520000	2540000	13244
chr5	2540000	2560000	11071
chr5	2560000	2580000	11199
chr5	2580000	2600000	11423
chr5	2600000	2620000	10589
chr5	2620000	2640000	10852
chr5	2640000	2660000	11307
chr5	2660000	2680000	12156
chr5	2680000	2700000	9460
chr5	2700000	2720000	9624
chr5	2720000	2740000	10015
chr5	2740000	2760000	11213
chr5	2760000	2780000	12160
chr5	2780000	2800000	9985
chr5	2800000	2820000	8759
chr5	2820000	2840000	9539
chr5	2840000	2860000	9818
chr5	2860000	2880000	11087
chr5	2880000	2900000	11000
chr5	2900000	2920000	11716
chr5	2920000	2940000	10244
chr5	2940000	2960000	9726
chr5	2960000	2980000	10394
chr5	2980000	3000000	10321
chr5	3000000	3020000	10825
chr5	3020000	3040000	10720
chr5	3040000	3060000	12368
chr5	3060000	3080000	11674
chr5	3080000	3100000	11866
chr5	3100000	3120000	12476
chr5	3120000	3140000	12224
chr5	3140000	3160000	10738
chr5	3160000	3180000	10651
chr5	3180000	3200000	11496
chr5	3200000	3220000	9657
chr5	3220000	3240000	11811
chr5	3240000	3260000	12607
chr5	3260000	3280000	11022
chr5	3280000	3300000	11336
chr5	3300000	3320000	10913
chr5	3320000	3340000	12329
chr5	3340000	3360000	12469
chr5	3360000	3380000	12196
chr5	3380000	3400000	11362
chr5	3400000	3420000	11918
chr5	3420000	3440000	12071
chr5	3440000	3460000	12474
chr5	3460000	3480000	11606
chr5	3480000	3500000	10690
chr5	3500000	3520000	10970
chr5	3520000	3540000	11320
chr5	3540000	3560000	12202
chr5	3560000	3580000	12643
chr5	3580000	3600000	12053
chr5	3600000	3620000	12672
chr5	3620000	3640000	12350
chr5	3640000	3660000	11430
chr5	3660000	3680000	11690
chr5	3680000	3700000	11878
chr5	3700000	3720000	12383
chr5	3720000	3740000	10970
chr5	3740000	3760000	10799
chr5	3760000	3780000	10333
chr5	3780000	3800000	9109
chr5	3800000	3820000	9019
chr5	3820000	3840000	10071
chr5	3840000	3860000	10630
chr5	3860000	3880000	10808
chr5	3880000	3900000	10750
chr5	3900000	3920000	11969
chr5	3920000	3940000	9166
chr5	3940000	3960000	11043
chr5	3960000	3980000	11145
chr5	3980000	4000000	11655
chr5	4000000	4020000	11355
chr5	4020000	4040000	11758
chr5	4040000	4060000	11741
chr5	4060000	4080000	12594
chr5	4080000	4100000	12232
chr5	4100000	4120000	10756
chr5	4120000	4140000	11886
chr5	4140000	4160000	12029
chr5	4160000	4180000	10911
chr5	4180000	4200000	12337
chr5	4200000	4220000	12457
chr5	4220000	4240000	10788
chr5	4240000	4260000	10537
chr5	4260000	4280000	10427
chr5	4280000	4300000	9157
chr5	4300000	4303545	1677
chr6	0	20000	9576
chr6	20000	40000	10971
chr6	40000	60000	11059
chr6	60000	80000	11586
chr6	80000	100000	11688
chr6	100000	120000	11371
chr6	120000	140000	11912
chr6	140000	160000	11299
chr6	160000	180000	11098
chr6	180000	200000	11255
chr6	200000	220000	11948
chr6	220000	240000	11727
chr6	240000	260000	11907
chr6	260000	280000	10480
chr6	280000	300000	11546
chr6	300000	320000	11697
chr6	320000	340000	12145
chr6	340000	360000	11618
chr6	360000	380000	11064
chr6	380000	400000	11699
chr6	400000	420000	11970
chr6	420000	440000	11923
chr6	440000	460000	10917
chr6	460000	480000	11653
chr6	480000	500000	11462
chr6	500000	520000	11041
chr6	520000	540000	11073
chr6	540000	560000	11575
chr6	560000	580000	12068
chr6	580000	600000	12105
chr6	600000	620000	12436
chr6	620000	640000	11807
chr6	640000	660000	11429
chr6	660000	680000	11869
chr6	680000	700000	12359
chr6	700000	720000	10994
chr6	720000	740000	10420
chr6	740000	760000	9889
chr6	760000	780000	11601
chr6	780000	800000	9854
chr6	800000	820000	10076
chr6	820000	840000	9448
chr6	840000	860000	12127
chr6	860000	880000	12236
chr6	880000	900000	12626
chr6	900000	920000	11091
chr6	920000	940000	11727
chr6	940000	960000	11206
chr6	960000	980000	11450
chr6	980000	1000000	11089
chr6	1000000	1020000	9705
chr6	1020000	1040000	10426
chr6	1040000	1060000	10874
chr6	1060000	1080000	11336
chr6	1080000	1100000	11283
chr6	1100000	1120000	11391
chr6	1120000	1140000	12570
chr6	1140000	1160000	12022
chr6	1160000	1180000	11930
chr6	1180000	1200000	11618
chr6	1200000	1220000	12420
chr6	1220000	1240000	13138
chr6	1240000	1260000	10617
chr6	1260000	1280000	11415
chr6	1280000	1300000	11891
chr6	1300000	1320000	12023
chr6	1320000	1340000	10049
chr6	1340000	1360000	12021
chr6	1360000	1380000	11472
chr6	1380000	1400000	9240
chr6	1400000	1420000	9935
chr6	1420000	1440000	12075
chr6	1440000	1460000	11731
chr6	1460000	1480000	10539
chr6	1480000	1500000	11839
chr6	1500000	1520000	10803
chr6	1520000	1540000	11659
chr6	1540000	1560000	11907
chr6	1560000	1580000	9958
chr6	1580000	1600000	11838
chr6	1600000	1620000	12468
chr6	1620000	1640000	13047
chr6	1640000	1660000	11150
chr6	1660000	1680000	11038
chr6	1680000	1700000	10532
chr6	1700000	1720000	11854
chr6	1720000	1740000	12016
chr6	1740000	1760000	12311
chr6	1760000	1780000	10992
chr6	1780000	1800000	12153
chr6	1800000	1820000	12969
chr6	1820000	1840000	12971
chr6	1840000	1860000	9525
chr6	1860000	1880000	10351
chr6	1880000	1900000	9234
chr6	1900000	1920000	10415
chr6	1920000	1940000	9225
chr6	1940000	1960000	9992
chr6	1960000	1980000	9885
chr6	1980000	2000000	10234
chr6	2000000	2020000	11343
chr6	2020000	2040000	10374
chr6	2040000	2060000	9625
chr6	2060000	2080000	9941
chr6	2080000	2100000	10362
chr6	2100000	2120000	9367
chr6	2120000	2140000	10075
chr6	2140000	2160000	11760
chr6	2160000	2180000	11106
chr6	2180000	2200000	11440
chr6	2200000	2220000	11904
chr6	2220000	2240000	11260
chr6	2240000	2260000	10402
chr6	2260000	2280000	11456
chr6	2280000	2300000	10221
chr6	2300000	2320000	9429
chr6	2320000	2340000	10141
chr6	2340000	2360000	12884
chr6	2360000	2380000	11766
chr6	2380000	2400000	11741
chr6	2400000	2420000	10723
chr6	2420000	2440000	12021
chr6	2440000	2460000	10284
chr6	2460000	2480000	10455
chr6	2480000	2500000	11673
chr6	2500000	2520000	11191
chr6	2520000	2540000	11422
chr6	2540000	2560000	11639
chr6	2560000	2580000	12380
chr6	2580000	2600000	12048
chr6	2600000	2620000	12145
chr6	2620000	2640000	12984
chr6	2640000	2660000	11391
chr6	2660000	2680000	11912
chr6	2680000	2700000	12745
chr6	2700000	2720000	11903
chr6	2720000	2740000	10533
chr6	2740000	2760000	9996
chr6	2760000	2780000	12707
chr6	2780000	2800000	12189
chr6	2800000	2820000	12553
chr6	2820000	2840000	11962
chr6	2840000	2860000	11663
chr6	2860000	2880000	10803
chr6	2880000	2900000	11216
chr6	2900000	2920000	11487
chr6	2920000	2940000	10848
chr6	2940000	2960000	11322
chr6	2960000	2980000	11629
chr6	2980000	3000000	10525
chr6	3000000	3020000	11893
chr6	3020000	3040000	12318
chr6	3040000	3060000	11677
chr6	3060000	3080000	11742
chr6	3080000	3100000	11833
chr6	3100000	3120000	12225
chr6	3120000	3140000	11066
chr6	3140000	3160000	9975
chr6	3160000	3180000	11306
chr6	3180000	3200000	11945
chr6	3200000	3220000	10954
chr6	3220000	3240000	11553
chr6	3240000	3260000	10111
chr6	3260000	3280000	12174
chr6	3280000	3300000	12920
chr6	3300000	3320000	11741
chr6	3320000	3340000	11792
chr6	3340000	3360000	12346
chr6	3360000	3380000	10293
chr6	3380000	3400000	10439
chr6	3400000	3420000	10630
chr6	3420000	3440000	10947
chr6	3440000	3460000	11593
chr6	3460000	3480000	12184
chr6	3480000	3500000	12223
chr6	3500000	3520000	12028
chr6	3520000	3540000	11061
chr6	3540000	3560000	10382
chr6	3560000	3580000	11643
chr6	3580000	3600000	10342
chr6	3600000	3620000	11482
chr6	3620000	3640000	11642
chr6	3640000	3660000	10308
chr6	3660000	3680000	11364
chr6	3680000	3700000	11443
chr6	3700000	3720000	11118
chr6	3720000	3740000	10468
chr6	3740000	3760000	9096
chr6	3760000	3764495	1832
chr8	0	20000	8344
chr8	20000	40000	9105
chr8	40000	60000	10304
chr8	60000	80000	10295
chr8	80000	100000	11244
chr8	100000	120000	10503
chr8	120000	140000	10416
chr8	140000	160000	10813
chr8	160000	180000	11811
chr8	180000	200000	11441
chr8	200000	220000	11315
chr8	220000	240000	10353
chr8	240000	260000	10782
chr8	260000	280000	10631
chr8	280000	300000	9794
chr8	300000	320000	10535
chr8	320000	340000	10551
chr8	340000	360000	12690
chr8	360000	380000	12193
chr8	380000	400000	12165
chr8	400000	420000	11440
chr8	420000	440000	10523
chr8	440000	460000	11422
chr8	460000	480000	11815
chr8	480000	500000	11645
chr8	500000	520000	12309
chr8	520000	540000	10975
chr8	540000	560000	10311
chr8	560000	580000	10057
chr8	580000	600000	10071
chr8	600000	620000	8779
chr8	620000	640000	10114
chr8	640000	660000	10297
chr8	660000	680000	10051
chr8	680000	700000	10235
chr8	700000	720000	12148
chr8	720000	740000	11907
chr8	740000	760000	11958
chr8	760000	780000	11086
chr8	780000	800000	12196
chr8	800000	820000	12597
chr8	820000	840000	11365
chr8	840000	860000	11276
chr8	860000	880000	11878
chr8	880000	900000	11047
chr8	900000	920000	12569
chr8	920000	940000	11424
chr8	940000	960000	11378
chr8	960000	980000	11467
chr8	980000	1000000	12110
chr8	1000000	1020000	12175
chr8	1020000	1040000	11690
chr8	1040000	1060000	12364
chr8	1060000	1080000	12615
chr8	1080000	1100000	11413
chr8	1100000	1120000	11941
chr8	1120000	1140000	12517
chr8	1140000	1160000	11653
chr8	1160000	1180000	11792
chr8	1180000	1200000	10221
chr8	1200000	1220000	11896
chr8	1220000	1240000	11440
chr8	1240000	1260000	11004
chr8	1260000	1280000	12478
chr8	1280000	1300000	10166
chr8	1300000	1320000	11793
chr8	1320000	1340000	13032
chr8	1340000	1360000	13068
chr8	1360000	1380000	11054
chr8	1380000	1400000	10837
chr8	1400000	1420000	10143
chr8	1420000	1440000	10008
chr8	1440000	1460000	12162
chr8	1460000	1480000	11938
chr8	1480000	1500000	11247
chr8	1500000	1520000	11424
chr8	1520000	1540000	11300
chr8	1540000	1560000	11616
chr8	1560000	1580000	11930
chr8	1580000	1600000	11867
chr8	1600000	1620000	11003
chr8	1620000	1640000	10666
chr8	1640000	1660000	9104
chr8	1660000	1680000	11255
chr8	1680000	1700000	11384
chr8	1700000	1720000	10698
chr8	1720000	1740000	10594
chr8	1740000	1760000	11559
chr8	1760000	1780000	11543
chr8	1780000	1800000	12578
chr8	1800000	1820000	11801
chr8	1820000	1840000	10408
chr8	1840000	1860000	10067
chr8	1860000	1880000	10507
chr8	1880000	1900000	11504
chr8	1900000	1920000	12364
chr8	1920000	1940000	12117
chr8	1940000	1960000	12901
chr8	1960000	1980000	12298
chr8	1980000	2000000	12435
chr8	2000000	2020000	11648
chr8	2020000	2040000	12220
chr8	2040000	2060000	11757
chr8	2060000	2080000	11846
chr8	2080000	2100000	10930
chr8	2100000	2120000	11216
chr8	2120000	2140000	11358
chr8	2140000	2160000	12121
chr8	2160000	2180000	11679
chr8	2180000	2200000	12114
chr8	2200000	2220000	10844
chr8	2220000	2240000	9992
chr8	2240000	2260000	11599
chr8	2260000	2280000	12303
chr8	2280000	2300000	12359
chr8	2300000	2320000	11420
chr8	2320000	2340000	11562
chr8	2340000	2360000	12270
chr8	2360000	2380000	11645
chr8	2380000	2400000	12425
chr8	2400000	2420000	11037
chr8	2420000	2440000	9900
chr8	2440000	2460000	11133
chr8	2460000	2480000	10245
chr8	2480000	2500000	9840
chr8	2500000	2520000	11789
chr8	2520000	2540000	10791
chr8	2540000	2560000	10666
chr8	2560000	2580000	9688
chr8	2580000	2600000	11212
chr8	2600000	2620000	9618
chr8	2620000	2640000	9496
chr8	2640000	2660000	12170
chr8	2660000	2680000	10630
chr8	2680000	2700000	11803
chr8	2700000	2720000	11791
chr8	2720000	2740000	12115
chr8	2740000	2760000	9810
chr8	2760000	2780000	11635
chr8	2780000	2800000	11083
chr8	2800000	2820000	11163
chr8	2820000	2840000	10494
chr8	2840000	2860000	10844
chr8	2860000	2880000	9521
chr8	2880000	2900000	12398
chr8	2900000	2920000	11685
chr8	2920000	2940000	10108
chr8	2940000	2960000	9664
chr8	2960000	2966669	2904
chr7	0	20000	8653
chr7	20000	40000	8772
chr7	40000	60000	10202
chr7	60000	80000	11379
chr7	80000	100000	11151
chr7	100000	120000	12019
chr7	120000	140000	12127
chr7	140000	160000	12598
chr7	160000	180000	11418
chr7	180000	200000	11055
chr7	200000	220000	12292
chr7	220000	240000	10964
chr7	240000	260000	10945
chr7	260000	280000	11760
chr7	280000	300000	12369
chr7	300000	320000	11887
chr7	320000	340000	11114
chr7	340000	360000	11934
chr7	360000	380000	12167
chr7	380000	400000	10897
chr7	400000	420000	11620
chr7	420000	440000	10981
chr7	440000	460000	11523
chr7	460000	480000	11231
chr7	480000	500000	11027
chr7	500000	520000	10547
chr7	520000	540000	11527
chr7	540000	560000	12595
chr7	560000	580000	11161
chr7	580000	600000	11819
chr7	600000	620000	11913
chr7	620000	640000	11147
chr7	640000	660000	11301
chr7	660000	680000	12103
chr7	680000	700000	12310
chr7	700000	720000	12639
chr7	720000	740000	12069
chr7	740000	760000	11375
chr7	760000	780000	11153
chr7	780000	800000	11360
chr7	800000	820000	12193
chr7	820000	840000	11277
chr7	840000	860000	11685
chr7	860000	880000	12414
chr7	880000	900000	12369
chr7	900000	920000	12340
chr7	920000	940000	9840
chr7	940000	960000	12145
chr7	960000	980000	11496
chr7	980000	1000000	12183
chr7	1000000	1020000	10817
chr7	1020000	1040000	10291
chr7	1040000	1060000	9501
chr7	1060000	1080000	10144
chr7	1080000	1100000	12174
chr7	1100000	1120000	11819
chr7	1120000	1140000	11750
chr7	1140000	1160000	10057
chr7	1160000	1180000	11563
chr7	1180000	1200000	10648
chr7	1200000	1220000	11033
chr7	1220000	1240000	11345
chr7	1240000	1260000	11690
chr7	1260000	1280000	12498
chr7	1280000	1300000	12432
chr7	1300000	1320000	12097
chr7	1320000	1340000	11133
chr7	1340000	1360000	12964
chr7	1360000	1380000	11581
chr7	1380000	1400000	12676
chr7	1400000	1420000	10770
chr7	1420000	1440000	10403
chr7	1440000	1460000	11935
chr7	1460000	1480000	11737
chr7	1480000	1500000	11655
chr7	1500000	1520000	11246
chr7	1520000	1540000	11933
chr7	1540000	1560000	12009
chr7	1560000	1580000	11767
chr7	1580000	1600000	12828
chr7	1600000	1620000	12285
chr7	1620000	1640000	12373
chr7	1640000	1660000	10746
chr7	1660000	1680000	10125
chr7	1680000	1700000	10004
chr7	1700000	1720000	11611
chr7	1720000	1740000	11093
chr7	1740000	1760000	12244
chr7	1760000	1780000	12917
chr7	1780000	1800000	11163
chr7	1800000	1820000	12584
chr7	1820000	1840000	11843
chr7	1840000	1860000	11837
chr7	1860000	1880000	11546
chr7	1880000	1900000	10074
chr7	1900000	1920000	10602
chr7	1920000	1940000	11105
chr7	1940000	1960000	10936
chr7	1960000	1980000	11466
chr7	1980000	2000000	11381
chr7	2000000	2020000	11736
chr7	2020000	2040000	11856
chr7	2040000	2060000	11220
chr7	2060000	2080000	11006
chr7	2080000	2100000	10974
chr7	2100000	2120000	9374
chr7	2120000	2140000	10927
chr7	2140000	2160000	11956
chr7	2160000	2180000	11953
chr7	2180000	2200000	11783
chr7	2200000	2220000	13022
chr7	2220000	2240000	12610
chr7	2240000	2260000	10955
chr7	2260000	2280000	11884
chr7	2280000	2300000	11064
chr7	2300000	2320000	11549
chr7	2320000	2340000	11008
chr7	2340000	2360000	9973
chr7	2360000	2380000	11782
chr7	2380000	2400000	11328
chr7	2400000	2420000	10349
chr7	2420000	2440000	11188
chr7	2440000	2460000	10062
chr7	2460000	2480000	10619
chr7	2480000	2500000	11214
chr7	2500000	2520000	9808
chr7	2520000	2540000	11516
chr7	2540000	2560000	10464
chr7	2560000	2580000	12404
chr7	2580000	2600000	11859
chr7	2600000	2620000	12014
chr7	2620000	2640000	11899
chr7	2640000	2660000	11579
chr7	2660000	2680000	10897
chr7	2680000	2700000	10062
chr7	2700000	2720000	12610
chr7	2720000	2740000	11142
chr7	2740000	2760000	10183
chr7	2760000	2780000	11435
chr7	2780000	2800000	11642
chr7	2800000	2820000	12049
chr7	2820000	2840000	11435
chr7	2840000	2860000	10947
chr7	2860000	2880000	10706
chr7	2880000	2900000	12074
chr7	2900000	2920000	11281
chr7	2920000	2940000	10531
chr7	2940000	2948755	3634
chr9	0	20000	8855
chr9	20000	40000	11924
chr9	40000	60000	12139
chr9	60000	80000	10138
chr9	80000	100000	9865
chr9	100000	120000	11896
chr9	120000	140000	11339
chr9	140000	160000	11622
chr9	160000	180000	10767
chr9	180000	200000	11624
chr9	200000	220000	11603
chr9	220000	240000	11421
chr9	240000	260000	11859
chr9	260000	280000	11712
chr9	280000	300000	11972
chr9	300000	320000	11139
chr9	320000	340000	12083
chr9	340000	360000	11601
chr9	360000	380000	8844
chr9	380000	400000	10268
chr9	400000	420000	12397
chr9	420000	440000	11767
chr9	440000	460000	11214
chr9	460000	480000	11240
chr9	480000	500000	11654
chr9	500000	520000	11595
chr9	520000	540000	10115
chr9	540000	560000	9375
chr9	560000	580000	9591
chr9	580000	600000	11037
chr9	600000	620000	9640
chr9	620000	640000	10891
chr9	640000	660000	10242
chr9	660000	680000	10673
chr9	680000	700000	10998
chr9	700000	720000	12215
chr9	720000	740000	12170
chr9	740000	760000	11491
chr9	760000	780000	11386
chr9	780000	800000	10459
chr9	800000	820000	12081
chr9	820000	840000	10553
chr9	840000	860000	10394
chr9	860000	880000	9667
chr9	880000	900000	12037
chr9	900000	920000	12723
chr9	920000	940000	11623
chr9	940000	960000	12214
chr9	960000	980000	12835
chr9	980000	1000000	11701
chr9	1000000	1020000	12171
chr9	1020000	1040000	11423
chr9	1040000	1060000	9921
chr9	1060000	1080000	10450
chr9	1080000	1100000	11665
chr9	1100000	1120000	10921
chr9	1120000	1140000	11098
chr9	1140000	1160000	10908
chr9	1160000	1180000	11027
chr9	1180000	1200000	12276
chr9	1200000	1220000	11540
chr9	1220000	1240000	12856
chr9	1240000	1260000	11634
chr9	1260000	1280000	10929
chr9	1280000	1300000	10886
chr9	1300000	1320000	12173
chr9	1320000	1340000	11475
chr9	1340000	1360000	10899
chr9	1360000	1380000	12136
chr9	1380000	1400000	11549
chr9	1400000	1420000	12244
chr9	1420000	1440000	12073
chr9	1440000	1460000	12224
chr9	1460000	1480000	11968
chr9	1480000	1500000	11386
chr9	1500000	1520000	11247
chr9	1520000	1540000	11754
chr9	1540000	1560000	12178
chr9	1560000	1580000	12362
chr9	1580000	1600000	12025
chr9	1600000	1620000	12127
chr9	1620000	1640000	11661
chr9	1640000	1660000	12540
chr9	1660000	1680000	9530
chr9	1680000	1700000	11118
chr9	1700000	1720000	12227
chr9	1720000	1740000	11513
chr9	1740000	1760000	12106
chr9	1760000	1780000	10438
chr9	1780000	1800000	12724
chr9	1800000	1820000	11568
chr9	1820000	1840000	11162
chr9	1840000	1860000	11511
chr9	1860000	1880000	11027
chr9	1880000	1900000	11108
chr9	1900000	1920000	9883
chr9	1920000	1940000	9853
chr9	1940000	1960000	11474
chr9	1960000	1980000	11278
chr9	1980000	2000000	11431
chr9	2000000	2020000	11848
chr9	2020000	2040000	12240
chr9	2040000	2060000	10589
chr9	2060000	2080000	12875
chr9	2080000	2100000	10677
chr9	2100000	2120000	12068
chr9	2120000	2140000	12530
chr9	2140000	2160000	10608
chr9	2160000	2180000	9729
chr9	2180000	2200000	9303
chr9	2200000	2220000	9398
chr9	2220000	2240000	9734
chr9	2240000	2260000	9530
chr9	2260000	2280000	9986
chr9	2280000	2300000	10364
chr9	2300000	2320000	12116
chr9	2320000	2340000	12417
chr9	2340000	2360000	10971
chr9	2360000	2380000	12037
chr9	2380000	2400000	12097
chr9	2400000	2420000	12180
chr9	2420000	2440000	12209
chr9	2440000	2460000	12002
chr9	2460000	2480000	11920
chr9	2480000	2500000	11601
chr9	2500000	2520000	11777
chr9	2520000	2540000	11622
chr9	2540000	2560000	11448
chr9	2560000	2580000	11364
chr9	2580000	2600000	11865
chr9	2600000	2620000	11871
chr9	2620000	2640000	11819
chr9	2640000	2660000	11473
chr9	2660000	2680000	11616
chr9	2680000	2700000	11524
chr9	2700000	2720000	11616
chr9	2720000	2740000	11463
chr9	2740000	2760000	10240
chr9	2760000	2780000	11364
chr9	2780000	2800000	12017
chr9	2800000	2820000	12195
chr9	2820000	2840000	10684
chr9	2840000	2860000	10981
chr9	2860000	2880000	11389
chr9	2880000	2900000	9768
chr9	2900000	2916215	8086
chr11	0	20000	8571
chr11	20000	40000	11369
chr11	40000	60000	10994
chr11	60000	80000	11614
chr11	80000	100000	11938
chr11	100000	120000	11885
chr11	120000	140000	11970
chr11	140000	160000	10173
chr11	160000	180000	11808
chr11	180000	200000	11589
chr11	200000	220000	12039
chr11	220000	240000	11810
chr11	240000	260000	11484
chr11	260000	280000	10310
chr11	280000	300000	11799
chr11	300000	320000	10609
chr11	320000	340000	10144
chr11	340000	360000	10473
chr11	360000	380000	9460
chr11	380000	400000	10056
chr11	400000	420000	10183
chr11	420000	440000	10396
chr11	440000	460000	9045
chr11	460000	480000	10320
chr11	480000	500000	11998
chr11	500000	520000	11950
chr11	520000	540000	12309
chr11	540000	560000	10051
chr11	560000	580000	10104
chr11	580000	600000	11018
chr11	600000	620000	10980
chr11	620000	640000	11803
chr11	640000	660000	10937
chr11	660000	680000	9767
chr11	680000	700000	12045
chr11	700000	720000	11191
chr11	720000	740000	12167
chr11	740000	760000	12684
chr11	760000	780000	11950
chr11	780000	800000	12183
chr11	800000	820000	11925
chr11	820000	840000	11497
chr11	840000	860000	12399
chr11	860000	880000	12299
chr11	880000	900000	11008
chr11	900000	920000	11219
chr11	920000	940000	13121
chr11	940000	960000	12930
chr11	960000	980000	11839
chr11	980000	1000000	12024
chr11	1000000	1020000	11284
chr11	1020000	1040000	10667
chr11	1040000	1060000	12393
chr11	1060000	1080000	10661
chr11	1080000	1100000	12663
chr11	1100000	1120000	12858
chr11	1120000	1140000	11687
chr11	1140000	1160000	12411
chr11	1160000	1180000	12151
chr11	1180000	1200000	11478
chr11	1200000	1220000	11948
chr11	1220000	1240000	11892
chr11	1240000	1260000	11328
chr11	1260000	1280000	10903
chr11	1280000	1300000	10738
chr11	1300000	1320000	10201
chr11	1320000	1340000	9249
chr11	1340000	1360000	9977
chr11	1360000	1380000	10699
chr11	1380000	1400000	10128
chr11	1400000	1420000	10856
chr11	1420000	1440000	12202
chr11	1440000	1460000	12651
chr11	1460000	1480000	11652
chr11	1480000	1500000	10790
chr11	1500000	1520000	10296
chr11	1520000	1540000	11989
chr11	1540000	1560000	12968
chr11	1560000	1580000	12290
chr11	1580000	1600000	11800
chr11	1600000	1620000	12721
chr11	1620000	1640000	11857
chr11	1640000	1660000	10840
chr11	1660000	1680000	12025
chr11	1680000	1700000	12617
chr11	1700000	1720000	12541
chr11	1720000	1740000	11078
chr11	1740000	1760000	12795
chr11	1760000	1780000	11523
chr11	1780000	1800000	12498
chr11	1800000	1820000	10576
chr11	1820000	1840000	10148
chr11	1840000	1860000	12830
chr11	1860000	1880000	12245
chr11	1880000	1900000	12835
chr11	1900000	1920000	10653
chr11	1920000	1940000	12433
chr11	1940000	1960000	11298
chr11	1960000	1980000	11687
chr11	1980000	2000000	11252
chr11	2000000	2020000	10474
chr11	2020000	2040000	9318
chr11	2040000	2060000	11295
chr11	2060000	2080000	11387
chr11	2080000	2100000	11468
chr11	2100000	2120000	10531
chr11	2120000	2140000	11173
chr11	2140000	2160000	10505
chr11	2160000	2180000	12639
chr11	2180000	2200000	12399
chr11	2200000	2220000	11787
chr11	2220000	2240000	10826
chr11	2240000	2260000	10448
chr11	2260000	2280000	11296
chr11	2280000	2300000	11141
chr11	2300000	2320000	11596
chr11	2320000	2340000	11632
chr11	2340000	2360000	10709
chr11	2360000	2380000	11238
chr11	2380000	2400000	9870
chr11	2400000	2420000	10434
chr11	2420000	2440000	12096
chr11	2440000	2460000	11479
chr11	2460000	2480000	12584
chr11	2480000	2500000	10361
chr11	2500000	2520000	11747
chr11	2520000	2533076	6351
chr10	0	20000	11291
chr10	20000	40000	11843
chr10	40000	60000	11675
chr10	60000	80000	12029
chr10	80000	100000	12683
chr10	100000	120000	9573
chr10	120000	140000	12410
chr10	140000	160000	11797
chr10	160000	180000	11622
chr10	180000	200000	11284
chr10	200000	220000	9929
chr10	220000	240000	9284
chr10	240000	260000	8834
chr10	260000	280000	8695
chr10	280000	300000	10398
chr10	300000	320000	9247
chr10	320000	340000	9439
chr10	340000	360000	8977
chr10	360000	380000	9475
chr10	380000	400000	9781
chr10	400000	420000	12342
chr10	420000	440000	13454
chr10	440000	460000	12365
chr10	460000	480000	9618
chr10	480000	500000	11154
chr10	500000	520000	9905
chr10	520000	540000	9136
chr10	540000	560000	11061
chr10	560000	580000	10039
chr10	580000	600000	10479
chr10	600000	620000	10017
chr10	620000	640000	9476
chr10	640000	660000	9524
chr10	660000	680000	8561
chr10	680000	700000	9731
chr10	700000	720000	10192
chr10	720000	740000	12434
chr10	740000	760000	11452
chr10	760000	780000	11686
chr10	780000	800000	11027
chr10	800000	820000	11154
chr10	820000	840000	12370
chr10	840000	860000	12071
chr10	860000	880000	11850
chr10	880000	900000	10304
chr10	900000	920000	9873
chr10	920000	940000	11923
chr10	940000	960000	10732
chr10	960000	980000	9267
chr10	980000	1000000	10666
chr10	1000000	1020000	9092
chr10	1020000	1040000	9823
chr10	1040000	1060000	12662
chr10	1060000	1080000	11038
chr10	1080000	1100000	10726
chr10	1100000	1120000	12899
chr10	1120000	1140000	10186
chr10	1140000	1160000	9297
chr10	1160000	1180000	11421
chr10	1180000	1200000	10878
chr10	1200000	1220000	12664
chr10	1220000	1240000	12429
chr10	1240000	1260000	11671
chr10	1260000	1280000	12239
chr10	1280000	1300000	12209
chr10	1300000	1320000	12147
chr10	1320000	1340000	12557
chr10	1340000	1360000	12182
chr10	1360000	1380000	11598
chr10	1380000	1400000	11594
chr10	1400000	1420000	11325
chr10	1420000	1440000	12111
chr10	1440000	1460000	12092
chr10	1460000	1480000	11544
chr10	1480000	1500000	11980
chr10	1500000	1520000	12119
chr10	1520000	1540000	11884
chr10	1540000	1560000	12022
chr10	1560000	1580000	12047
chr10	1580000	1600000	12307
chr10	1600000	1620000	12375
chr10	1620000	1640000	12421
chr10	1640000	1660000	11758
chr10	1660000	1680000	11635
chr10	1680000	1700000	12320
chr10	1700000	1720000	12576
chr10	1720000	1740000	11628
chr10	1740000	1760000	11933
chr10	1760000	1780000	11774
chr10	1780000	1800000	11667
chr10	1800000	1820000	12063
chr10	1820000	1840000	13012
chr10	1840000	1860000	11303
chr10	1860000	1880000	10382
chr10	1880000	1900000	11277
chr10	1900000	1920000	11076
chr10	1920000	1940000	10873
chr10	1940000	1960000	10449
chr10	1960000	1980000	11556
chr10	1980000	2000000	11435
chr10	2000000	2020000	9132
chr10	2020000	2040000	10849
chr10	2040000	2060000	12138
chr10	2060000	2080000	12693
chr10	2080000	2100000	10445
chr10	2100000	2120000	10991
chr10	2120000	2140000	11018
chr10	2140000	2160000	10754
chr10	2160000	2180000	11844
chr10	2180000	2200000	11790
chr10	2200000	2220000	12220
chr10	2220000	2240000	12138
chr10	2240000	2260000	10808
chr10	2260000	2280000	9614
chr10	2280000	2300000	11714
chr10	2300000	2320000	11906
chr10	2320000	2340000	11807
chr10	2340000	2360000	11202
chr10	2360000	2380000	11611
chr10	2380000	2400000	12026
chr10	2400000	2420000	12110
chr10	2420000	2440000	11895
chr10	2440000	2460000	10764
chr10	2460000	2480000	11015
chr10	2480000	2500000	9581
chr10	2500000	2511424	4939
chr12	0	20000	8683
chr12	20000	40000	11241
chr12	40000	60000	11159
chr12	60000	80000	12202
chr12	80000	100000	11634
chr12	100000	120000	11440
chr12	120000	140000	11974
chr12	140000	160000	10170
chr12	160000	180000	11670
chr12	180000	200000	11010
chr12	200000	220000	11585
chr12	220000	240000	11454
chr12	240000	260000	10780
chr12	260000	280000	10001
chr12	280000	300000	11775
chr12	300000	320000	10294
chr12	320000	340000	12632
chr12	340000	360000	12145
chr12	360000	380000	11811
chr12	380000	400000	11345
chr12	400000	420000	10834
chr12	420000	440000	12298
chr12	440000	460000	10973
chr12	460000	480000	11488
chr12	480000	500000	11973
chr12	500000	520000	11220
chr12	520000	540000	9911
chr12	540000	560000	11053
chr12	560000	580000	10904
chr12	580000	600000	9900
chr12	600000	620000	11443
chr12	620000	640000	11150
chr12	640000	660000	11721
chr12	660000	680000	12233
chr12	680000	700000	11642
chr12	700000	720000	12178
chr12	720000	740000	11117
chr12	740000	760000	12121
chr12	760000	780000	12755
chr12	780000	800000	11729
chr12	800000	820000	11134
chr12	820000	840000	12673
chr12	840000	860000	10824
chr12	860000	880000	11736
chr12	880000	900000	10818
chr12	900000	920000	11117
chr12	920000	940000	10725
chr12	940000	960000	10671
chr12	960000	980000	10925
chr12	980000	1000000	10115
chr12	1000000	1020000	11982
chr12	1020000	1040000	12618
chr12	1040000	1060000	10723
chr12	1060000	1080000	11392
chr12	1080000	1100000	10708
chr12	1100000	1120000	11331
chr12	1120000	1140000	12458
chr12	1140000	1160000	12639
chr12	1160000	1180000	12885
chr12	1180000	1200000	12756
chr12	1200000	1220000	11914
chr12	1220000	1240000	11850
chr12	1240000	1260000	11517
chr12	1260000	1280000	11173
chr12	1280000	1300000	13001
chr12	1300000	1320000	12057
chr12	1320000	1340000	12258
chr12	1340000	1360000	11928
chr12	1360000	1380000	10036
chr12	1380000	1400000	9471
chr12	1400000	1420000	10307
chr12	1420000	1440000	11541
chr12	1440000	1460000	12036
chr12	1460000	1480000	10403
chr12	1480000	1500000	12374
chr12	1500000	1520000	12706
chr12	1520000	1540000	11593
chr12	1540000	1560000	11342
chr12	1560000	1580000	12203
chr12	1580000	1600000	11855
chr12	1600000	1620000	10340
chr12	1620000	1640000	11858
chr12	1640000	1660000	11090
chr12	1660000	1680000	11158
chr12	1680000	1700000	11749
chr12	1700000	1720000	11285
chr12	1720000	1740000	11742
chr12	1740000	1760000	12136
chr12	1760000	1780000	11773
chr12	1780000	1800000	11259
chr12	1800000	1820000	9883
chr12	1820000	1840000	9846
chr12	1840000	1860000	10918
chr12	1860000	1880000	10744
chr12	1880000	1900000	10905
chr12	1900000	1920000	11445
chr12	1920000	1940000	12268
chr12	1940000	1960000	10928
chr12	1960000	1980000	11254
chr12	1980000	2000000	10399
chr12	2000000	2020000	11714
chr12	2020000	2040000	10903
chr12	2040000	2060000	11686
chr12	2060000	2080000	10878
chr12	2080000	2100000	10645
chr12	2100000	2120000	11810
chr12	2120000	2140000	12603
chr12	2140000	2160000	10687
chr12	2160000	2179511	10642
chr13	0	20000	9421
chr13	20000	40000	10364
chr13	40000	60000	11096
chr13	60000	80000	11077
chr13	80000	100000	11547
chr13	100000	120000	10944
chr13	120000	140000	11005
chr13	140000	160000	11270
chr13	160000	180000	10696
chr13	180000	200000	11743
chr13	200000	220000	10834
chr13	220000	240000	12202
chr13	240000	260000	11544
chr13	260000	280000	11029
chr13	280000	300000	11127
chr13	300000	320000	11373
chr13	320000	340000	10716
chr13	340000	360000	12183
chr13	360000	380000	11826
chr13	380000	400000	11824
chr13	400000	420000	11737
chr13	420000	440000	12621
chr13	440000	460000	11805
chr13	460000	480000	12758
chr13	480000	500000	11980
chr13	500000	520000	12018
chr13	520000	540000	12598
chr13	540000	560000	9698
chr13	560000	580000	10089
chr13	580000	600000	8894
chr13	600000	620000	9358
chr13	620000	640000	9585
chr13	640000	660000	11470
chr13	660000	680000	12162
chr13	680000	700000	11368
chr13	700000	720000	11825
chr13	720000	740000	11622
chr13	740000	760000	12398
chr13	760000	780000	10420
chr13	780000	800000	12047
chr13	800000	820000	11624
chr13	820000	840000	12458
chr13	840000	860000	12563
chr13	860000	880000	11328
chr13	880000	900000	11125
chr13	900000	920000	12309
chr13	920000	940000	12724
chr13	940000	960000	10782
chr13	960000	980000	11208
chr13	980000	1000000	12524
chr13	1000000	1020000	11339
chr13	1020000	1040000	12023
chr13	1040000	1060000	11169
chr13	1060000	1080000	12077
chr13	1080000	1100000	11946
chr13	1100000	1120000	10902
chr13	1120000	1140000	11033
chr13	1140000	1160000	11470
chr13	1160000	1180000	10189
chr13	1180000	1200000	8930
chr13	1200000	1220000	9483
chr13	1220000	1240000	10219
chr13	1240000	1260000	11331
chr13	1260000	1280000	10701
chr13	1280000	1300000	11735
chr13	1300000	1320000	10952
chr13	1320000	1340000	11482
chr13	1340000	1360000	11425
chr13	1360000	1380000	11045
chr13	1380000	1400000	10302
chr13	1400000	1420000	11280
chr13	1420000	1440000	11081
chr13	1440000	1460000	12073
chr13	1460000	1480000	11824
chr13	1480000	1500000	12005
chr13	1500000	1520000	12662
chr13	1520000	1540000	12588
chr13	1540000	1560000	11711
chr13	1560000	1580000	11668
chr13	1580000	1600000	11284
chr13	1600000	1620000	11405
chr13	1620000	1640000	12376
chr13	1640000	1660000	12091
chr13	1660000	1680000	11922
chr13	1680000	1700000	11388
chr13	1700000	1720000	11709
chr13	1720000	1740000	12150
chr13	1740000	1760000	10984
chr13	1760000	1780000	9376
chr13	1780000	1800000	9661
chr13	1800000	1820000	11188
chr13	1820000	1840000	11655
chr13	1840000	1860000	11637
chr13	1860000	1880000	11315
chr13	1880000	1900000	11632
chr13	1900000	1920000	10966
chr13	1920000	1940000	11703
chr13	1940000	1960000	12028
chr13	1960000	1980000	11216
chr13	1980000	2000000	12341
chr13	2000000	2020000	10794
chr13	2020000	2040000	12140
chr13	2040000	2060000	9898
chr13	2060000	2080000	9502
chr13	2080000	2081016	410
chr14	0	20000	9269
chr14	20000	40000	10817
chr14	40000	60000	9196
chr14	60000	80000	10214
chr14	80000	100000	9161
chr14	100000	120000	12492
chr14	120000	140000	12537
chr14	140000	160000	12502
chr14	160000	180000	13247
chr14	180000	200000	12851
chr14	200000	220000	11537
chr14	220000	240000	9769
chr14	240000	260000	10326
chr14	260000	280000	12097
chr14	280000	300000	11586
chr14	300000	320000	11267
chr14	320000	340000	12548
chr14	340000	360000	11240
chr14	360000	380000	12523
chr14	380000	400000	9857
chr14	400000	420000	11741
chr14	420000	440000	10509
chr14	440000	460000	9637
chr14	460000	480000	9427
chr14	480000	500000	10056
chr14	500000	520000	11809
chr14	520000	540000	12110
chr14	540000	560000	12158
chr14	560000	580000	12289
chr14	580000	600000	12263
chr14	600000	620000	10642
chr14	620000	640000	11726
chr14	640000	660000	12042
chr14	660000	680000	11897
chr14	680000	700000	10849
chr14	700000	720000	12701
chr14	720000	740000	11018
chr14	740000	760000	10184
chr14	760000	780000	12137
chr14	780000	800000	12795
chr14	800000	820000	10543
chr14	820000	840000	8937
chr14	840000	860000	11233
chr14	860000	880000	9770
chr14	880000	900000	9571
chr14	900000	920000	11493
chr14	920000	940000	11339
chr14	940000	960000	11206
chr14	960000	980000	12175
chr14	980000	1000000	9673
chr14	1000000	1020000	8849
chr14	1020000	1040000	8847
chr14	1040000	1060000	9009
chr14	1060000	1080000	8542
chr14	1080000	1100000	10393
chr14	1100000	1120000	8938
chr14	1120000	1140000	9262
chr14	1140000	1160000	10376
chr14	1160000	1180000	11743
chr14	1180000	1200000	11892
chr14	1200000	1220000	12368
chr14	1220000	1240000	11961
chr14	1240000	1260000	12157
chr14	1260000	1280000	12810
chr14	1280000	1300000	11936
chr14	1300000	1320000	10896
chr14	1320000	1340000	11240
chr14	1340000	1360000	11095
chr14	1360000	1380000	11398
chr14	1380000	1400000	11996
chr14	1400000	1420000	11671
chr14	1420000	1440000	10941
chr14	1440000	1460000	11385
chr14	1460000	1480000	12180
chr14	1480000	1500000	9606
chr14	1500000	1520000	10206
chr14	1520000	1540000	11758
chr14	1540000	1560000	11252
chr14	1560000	1580000	11733
chr14	1580000	1600000	11875
chr14	1600000	1620000	9424
chr14	1620000	1640000	11374
chr14	1640000	1660000	11688
chr14	1660000	1680000	11428
chr14	1680000	1700000	10850
chr14	1700000	1720000	9601
chr14	1720000	1736457	8211.01
chr15	0	20000	9016
chr15	20000	40000	10747
chr15	40000	60000	11892
chr15	60000	80000	9628
chr15	80000	100000	9945
chr15	100000	120000	10674
chr15	120000	140000	10544
chr15	140000	160000	12466
chr15	160000	180000	9433
chr15	180000	200000	10562
chr15	200000	220000	12034
chr15	220000	240000	10664
chr15	240000	260000	12143
chr15	260000	280000	10594
chr15	280000	300000	10787
chr15	300000	320000	11779
chr15	320000	340000	11911
chr15	340000	360000	11899
chr15	360000	380000	11180
chr15	380000	400000	11833
chr15	400000	420000	12888
chr15	420000	440000	10910
chr15	440000	460000	11759
chr15	460000	480000	11493
chr15	480000	500000	11950
chr15	500000	520000	12247
chr15	520000	540000	11263
chr15	540000	560000	11794
chr15	560000	580000	11821
chr15	580000	600000	11182
chr15	600000	620000	10340
chr15	620000	640000	10532
chr15	640000	660000	11025
chr15	660000	680000	12084
chr15	680000	700000	11676
chr15	700000	720000	11628
chr15	720000	740000	11871
chr15	740000	760000	11655
chr15	760000	780000	11557
chr15	780000	800000	10972
chr15	800000	820000	10348
chr15	820000	840000	11133
chr15	840000	860000	11442
chr15	860000	880000	9647
chr15	880000	900000	10676
chr15	900000	920000	11357
chr15	920000	940000	11436
chr15	940000	960000	10947
chr15	960000	980000	12200
chr15	980000	1000000	12605
chr15	1000000	1020000	12628
chr15	1020000	1040000	11791
chr15	1040000	1060000	12010
chr15	1060000	1080000	12597
chr15	1080000	1100000	12988
chr15	1100000	1120000	12451
chr15	1120000	1140000	11745
chr15	1140000	1160000	12005
chr15	1160000	1180000	12858
chr15	1180000	1200000	12402
chr15	1200000	1220000	12386
chr15	1220000	1240000	9940
chr15	1240000	1260000	9685
chr15	1260000	1280000	9228
chr15	1280000	1300000	11466
chr15	1300000	1311673	6290
chr16	0	20000	9268
chr16	20000	40000	11982
chr16	40000	60000	11169
chr16	60000	80000	11807
chr16	80000	100000	11177
chr16	100000	120000	10952
chr16	120000	140000	12290
chr16	140000	160000	12474
chr16	160000	180000	11646
chr16	180000	200000	11469
chr16	200000	220000	11166
chr16	220000	240000	11567
chr16	240000	260000	11091
chr16	260000	280000	11515
chr16	280000	300000	11875
chr16	300000	320000	12033
chr16	320000	340000	12159
chr16	340000	360000	12364
chr16	360000	380000	12278
chr16	380000	400000	10326
chr16	400000	420000	11634
chr16	420000	440000	12144
chr16	440000	460000	12414
chr16	460000	480000	12359
chr16	480000	500000	11906
chr16	500000	520000	12038
chr16	520000	540000	10111
chr16	540000	560000	10882
chr16	560000	580000	10698
chr16	580000	600000	11270
chr16	600000	620000	11661
chr16	620000	640000	11123
chr16	640000	660000	11361
chr16	660000	680000	11528
chr16	680000	700000	11172
chr16	700000	720000	11383
chr16	720000	740000	11840
chr16	740000	760000	10266
chr16	760000	780000	12241
chr16	780000	800000	11627
chr16	800000	820000	11252
chr16	820000	840000	11382
chr16	840000	860000	11526
chr16	860000	880000	11867
chr16	880000	900000	11644
chr16	900000	920000	12542
chr16	920000	940000	11633
chr16	940000	960000	9630
chr16	960000	980000	11622
chr16	980000	1000000	11895
chr16	1000000	1020000	12136
chr16	1020000	1040000	11446
chr16	1040000	1060000	9940
chr16	1060000	1080000	8913
chr16	1080000	1100000	10834
chr16	1100000	1120000	12476
chr16	1120000	1140000	11251
chr16	1140000	1146179	2711
